% This file was created by matplotlib2tikz v0.6.17.
\begin{tikzpicture}

\definecolor{color0}{rgb}{0.298039215686275,0.447058823529412,0.690196078431373}

\begin{axis}[
xlabel={Trial},
ylabel={Loss},
xmin=0, xmax=103.983943480368,
ymin=0.194618490630042, ymax=0.305381509369958,
ytick={0.18,0.2,0.22,0.24,0.26,0.28,0.3,0.32},
yticklabels={,0.20,0.22,0.24,0.26,0.28,0.30,},
tick align=outside,
tick pos=left,
xmajorgrids,
x grid style={white!80.0!black},
ymajorgrids,
y grid style={white!80.0!black},
axis line style={white!80.0!black}
]
\addplot [only marks, draw=color0, fill=color0, opacity=0.8, colormap/blackwhite]
table{%
x                      y
+0.000000000000000e+00 +2.100000000000000e-01
+1.000000000000000e+00 +2.300000000000000e-01
+2.000000000000000e+00 +2.300000000000000e-01
+3.000000000000000e+00 +2.100000000000000e-01
+4.000000000000000e+00 +2.300000000000000e-01
+5.000000000000000e+00 +2.300000000000000e-01
+6.000000000000000e+00 +2.300000000000000e-01
+7.000000000000000e+00 +2.300000000000000e-01
+8.000000000000000e+00 +3.000000000000000e-01
+9.000000000000000e+00 +3.000000000000000e-01
+1.000000000000000e+01 +2.300000000000000e-01
+1.100000000000000e+01 +2.100000000000000e-01
+1.200000000000000e+01 +2.300000000000000e-01
+1.300000000000000e+01 +2.300000000000000e-01
+1.400000000000000e+01 +2.300000000000000e-01
+1.500000000000000e+01 +2.400000000000000e-01
+1.600000000000000e+01 +2.100000000000000e-01
+1.700000000000000e+01 +2.000000000000000e-01
+1.800000000000000e+01 +2.100000000000000e-01
+1.900000000000000e+01 +2.000000000000000e-01
+2.000000000000000e+01 +2.100000000000000e-01
+2.100000000000000e+01 +2.000000000000000e-01
+2.200000000000000e+01 +2.000000000000000e-01
+2.300000000000000e+01 +2.200000000000000e-01
+2.400000000000000e+01 +2.000000000000000e-01
+2.500000000000000e+01 +2.100000000000000e-01
+2.600000000000000e+01 +2.000000000000000e-01
+2.700000000000000e+01 +2.000000000000000e-01
+2.800000000000000e+01 +2.000000000000000e-01
+2.900000000000000e+01 +2.300000000000000e-01
+3.000000000000000e+01 +2.000000000000000e-01
+3.100000000000000e+01 +2.100000000000000e-01
+3.200000000000000e+01 +2.000000000000000e-01
+3.300000000000000e+01 +2.000000000000000e-01
+3.400000000000000e+01 +2.100000000000000e-01
+3.500000000000000e+01 +2.000000000000000e-01
+3.600000000000000e+01 +2.000000000000000e-01
+3.700000000000000e+01 +3.000000000000000e-01
+3.800000000000000e+01 +2.100000000000000e-01
+3.900000000000000e+01 +2.000000000000000e-01
+4.000000000000000e+01 +2.100000000000000e-01
+4.100000000000000e+01 +2.200000000000000e-01
+4.200000000000000e+01 +2.000000000000000e-01
+4.300000000000000e+01 +2.000000000000000e-01
+4.400000000000000e+01 +2.200000000000000e-01
+4.500000000000000e+01 +2.000000000000000e-01
+4.600000000000000e+01 +2.200000000000000e-01
+4.700000000000000e+01 +2.200000000000000e-01
+4.800000000000000e+01 +2.000000000000000e-01
+4.900000000000000e+01 +2.100000000000000e-01
+5.000000000000000e+01 +2.100000000000000e-01
+5.100000000000000e+01 +2.000000000000000e-01
+5.200000000000000e+01 +2.100000000000000e-01
+5.300000000000000e+01 +2.100000000000000e-01
+5.400000000000000e+01 +2.100000000000000e-01
+5.500000000000000e+01 +2.000000000000000e-01
+5.600000000000000e+01 +2.300000000000000e-01
+5.700000000000000e+01 +2.000000000000000e-01
+5.800000000000000e+01 +2.000000000000000e-01
+5.900000000000000e+01 +2.000000000000000e-01
+6.000000000000000e+01 +2.200000000000000e-01
+6.100000000000000e+01 +2.000000000000000e-01
+6.200000000000000e+01 +2.300000000000000e-01
+6.300000000000000e+01 +3.000000000000000e-01
+6.400000000000000e+01 +2.000000000000000e-01
+6.500000000000000e+01 +2.000000000000000e-01
+6.600000000000000e+01 +2.100000000000000e-01
+6.700000000000000e+01 +2.000000000000000e-01
+6.800000000000000e+01 +2.300000000000000e-01
+6.900000000000000e+01 +2.000000000000000e-01
+7.000000000000000e+01 +2.000000000000000e-01
+7.100000000000000e+01 +2.200000000000000e-01
+7.200000000000000e+01 +2.100000000000000e-01
+7.300000000000000e+01 +2.200000000000000e-01
+7.400000000000000e+01 +2.000000000000000e-01
+7.500000000000000e+01 +2.000000000000000e-01
+7.600000000000000e+01 +2.800000000000000e-01
+7.700000000000000e+01 +2.100000000000000e-01
+7.800000000000000e+01 +2.300000000000000e-01
+7.900000000000000e+01 +2.300000000000000e-01
+8.000000000000000e+01 +2.000000000000000e-01
+8.100000000000000e+01 +2.000000000000000e-01
+8.200000000000000e+01 +2.000000000000000e-01
+8.300000000000000e+01 +2.300000000000000e-01
+8.400000000000000e+01 +2.200000000000000e-01
+8.500000000000000e+01 +2.200000000000000e-01
+8.600000000000000e+01 +3.000000000000000e-01
+8.700000000000000e+01 +2.000000000000000e-01
+8.800000000000000e+01 +2.200000000000000e-01
+8.900000000000000e+01 +2.400000000000000e-01
+9.000000000000000e+01 +2.200000000000000e-01
+9.100000000000000e+01 +2.100000000000000e-01
+9.200000000000000e+01 +2.000000000000000e-01
+9.300000000000000e+01 +2.100000000000000e-01
+9.400000000000000e+01 +2.000000000000000e-01
+9.500000000000000e+01 +2.300000000000000e-01
+9.600000000000000e+01 +2.000000000000000e-01
+9.700000000000000e+01 +2.000000000000000e-01
+9.800000000000000e+01 +2.300000000000000e-01
+9.900000000000000e+01 +2.000000000000000e-01
};
\path [draw=white!80.0!black, fill opacity=0] (axis cs:0,0.194618490630042)
--(axis cs:0,0.305381509369958);

\path [draw=white!80.0!black, fill opacity=0] (axis cs:1,0.194618490630042)
--(axis cs:1,0.305381509369958);

\path [draw=white!80.0!black, fill opacity=0] (axis cs:0,0)
--(axis cs:103.983943480368,0);

\path [draw=white!80.0!black, fill opacity=0] (axis cs:0,1)
--(axis cs:103.983943480368,1);

\end{axis}

\end{tikzpicture}